86566326
86566326
86404256
86404256
86118763
86118763
85946709
85946709
85819594
85819594
85675373
85675373
85528684
85528684
85375667
85375667
85219851
85219851
84934478
84934478
84699476
84699476
84481577
84481577
84334870
84334870
84181801
84181801
84021258
84021258
83867861
83867861
83711277
83711277
83540710
83540710
83383450
83383450
83225461
83225461
83063214
83063214
82912239
82912239
82757866
82757866
82457816
82457816
82303949
82303949
82052350
82052350
82030844
82030844
81976274
81976274
81803765
81803765
81621297
81621297
81441484
81441484
81243573
81243573
81062608
81062608
80890995
80890995
80726022
80726022
80570514
80570514
80416980
80416980
80274791
80274791
80125133
80125133
79964880
79964880
79809456
79809456
79666245
79666245
79366201
79366201
79097070
79097070
78975394
78975394
78849684
78849684
78717394
78717394
78552788
78552788
